vX:  [31.369726725854044, 88.81159212523664, 423.17529372613234, 641.4412060089247, 660.1232862279285, 750.3027578607133, 852.441527033477, 1323.6646643370523, 1829.1653364741042, 3378.6134789155353] 

TK:  [0.000358101903263174, 0.000358101903263174, 0.0010138350482550218, 0.004830779766680143, 0.00732244334233666, 0.007535737541909484, 0.008565185999980083, 0.009731165436295399, 0.01511043830482293, 0.02088105533005033] 

CK:  [9.996590087190672, 9.996590087190672, 9.990349088115327, 9.954098245695887, 9.930505046415304, 9.928487994981722, 9.918758606517809, 9.907750368716131, 9.857121603474857, 9.803097171273183] 

Média: 9.928335
Mediana: 9.929497
Moda: 9.996590 

Variância: 0.003900
Desvio Padrão: 0.062453
